701885.0588	360749.2103
700187.6365	361173.8112
698243.3551	360918.8927
697070.6636	361343.5315
696947.1013	361938.0903
695774.4341	361683.1816
695496.6661	362192.7474
695805.2873	362787.3785
695064.5757	362787.3494
694046.146	361683.1148
694509.1026	361725.6344
694509.1127	361385.7775
692966.0335	361385.7204
692564.8289	362022.7758
692009.3644	360791.3114
691207.0083	360409.1188
688429.4918	360493.863
686546.8626	361343.1573
685837.0529	360960.9485
685096.4262	361810.1687
683337.2623	361640.2597
682072.106	359899.2021
682041.2495	359050.1358
680899.3792	358328.2645
680313.0222	357352.0336
678893.4039	356418.0535
677412.0995	356078.4948
675807.3795	354890.0982
676208.6033	353871.8057
675406.2205	353829.2967
675097.6039	352895.8475
673863.1698	351665.3886
672196.6329	351325.9557
672628.7246	350816.9986
672474.4105	350477.6843
670684.457	349374.7015
670283.1439	349798.8409
669079.5921	348738.5747
669357.3656	348017.5502
669172.1683	347551.1801
668122.9254	347084.6437
667166.2606	345431.1656
667135.3995	344456.1535
666456.465	343905.1047
665808.441	342591.2144
665191.1545	342633.6004
665160.2501	343226.9597
664481.2881	343693.0698
663594.0311	343406.9328
656981.9241	346405.8633
655794.8205	346527.469
658278.1542	345303.6657
655814.2721	346217.3216
658247.2832	344794.8636
656611.662	345261.1779
655840.0823	345049.171
656025.2954	344710.0847
660901.3968	342930.0105
661633.1319	342154.9973
660222.503	341870.5699
658309.1269	342421.3924
655192.1201	342505.9414
653988.5839	342463.6286
653926.8228	342166.8862
650964.1615	344328.3848
647445.9082	345387.958
646427.4742	344667.2934
646828.6731	344243.3827
645656.0098	344158.6475
645131.3471	345430.3013
644051.1095	345557.399
644020.321	345938.9531
644637.4801	346108.5406
644760.8937	346659.8534
644112.7727	348737.5985
645964.4912	348779.9552
647692.6908	347889.5313
648124.7295	348907.3686
643804.0577	351282.3333
642785.5867	351409.6542
640903.1291	350646.0501
641180.8691	351027.8203
640008.0858	351579.2158
639712.0176	351036.1624
638965.9848	350823.5662
638465.1371	351154.9178
638588.585	350518.6071
637724.4075	352130.5935
636798.5909	352809.2876
637060.8781	353838.1852
637477.4937	354421.7382
637446.5896	355397.7872
638465.0328	356373.9885
642353.5557	356289.2189
644699.019	354676.7099
644976.7619	355185.9103
645223.639	354506.8549
645100.2313	353191.4825
645470.5507	352300.5879
646242.147	352258.1606
646766.7765	351791.609
646705.0135	351452.1147
648278.9936	350773.5386
648155.5383	351621.9951
648587.6007	351876.4447
649729.4252	350179.7524
651357.5994	350168.2125
653706.7722	347833.5786
653247.6819	348653.0576
651357.5994	350168.2125
646704.9388	354676.7902
644020.0206	358921.0812
641890.4469	363379.8278
640254.6839	368733.1183
639976.8665	372133.6298
638618.7763	377364.4067
638186.6985	382427.975
635717.5804	387196.3717
635810.2046	388388.7228
634853.4682	390049.9764
634884.2256	390646.392
635408.9403	391157.5923
635347.149	391796.716
634606.4347	391924.4518
633155.973	393117.4929
632692.9846	394054.977
633125.0306	394822.1315
633464.5494	394992.6131
633402.7392	396058.1323
632384.2585	396612.2249
632785.4262	397209.082
632569.4259	397891.2873
633186.7239	397166.5882
636036.3645	396704.1628
636550.5724	395802.6266
638340.5307	395930.5351
636036.3645	396704.1628
629606.6293	399468.8079
626458.575	401302.4367
625594.2638	403605.8406
625902.9061	403819.175
625378.2436	404245.8295
624421.4067	406934.0415
622415.2474	410433.9526
621273.3167	413294.8307
619606.7866	414960.3396
618711.8487	416455.3278
617631.6363	421839.5512
618125.3539	422993.7713
617785.8036	424960.5106
618310.5251	425944.0893
620285.5628	427569.3249
621273.1153	430221.7476
622044.6716	433687.8383
621427.36	435613.832
621828.5329	436598.2988
621489.0979	438268.2942
622877.8447	440452.4199
623464.2111	442508.7129
624235.694	443279.9331
625346.664	447179.8107
626858.8353	450309.3669
627938.9616	451124.1686
628309.3481	452496.5387
630407.9048	454512.6615
631086.8106	456185.8139
633370.5371	458674.7061
633864.4048	459747.6541
635777.7833	461035.5106
637598.5557	464127.0544
637660.1807	465157.6575
638277.415	465716.1454
637783.4005	469152.7869
639881.6128	475729.0372
640406.3023	476588.9547
642875.1284	478481.4179
644016.9547	480589.2173
645158.7398	481363.6959
646485.7931	484160.7207
647565.9203	484763.3541
648028.8617	485624.308
647997.9455	486829.5208
648522.5437	488207.2842
649726.0502	489671.5064
649540.9195	490748.0922
649911.1928	491609.6024
649664.2908	492600.3451
651238.211	494022.0014
651176.4158	494711.4624
651824.4435	495228.5135
651608.4522	495573.1963
651744.4826	497261.1845
651176.3087	497426.405
650373.8548	499495.3894
650466.3802	499969.6902
649818.2969	500831.8722
649540.4275	503332.9534
650157.5572	504152.4766
649941.542	504928.8758
648953.9222	505791.6613
648984.7492	506913.3271
649416.7896	507517.4105
648583.5034	508035.1131
647657.5483	508639.2171
646700.8889	507862.458
646855.2216	507646.7027
646021.9928	506870.0309
645744.2979	505662.0145
645281.3419	505360.0987
645497.4829	504497.328
645096.3375	503548.4333
644046.9819	502901.5693
643398.8999	503117.0339
642874.3057	502125.2716
643090.3213	501435.2565
642380.4862	501090.3087
642287.9743	500184.9208
641670.7073	499365.7369
640744.8902	499020.8594
639819.1148	497727.5611
639850.0249	497124.1356
636146.6627	493590.639
636239.3498	492858.1466
635683.8516	492255.0226
635745.5362	491652.1125
632412.6774	485408.4649
628339.032	483213.3883
627475.0631	482094.6217
626117.1227	481535.2919
625561.6738	480588.8071
625129.712	480803.928
624419.9254	480287.5832
624666.7955	480072.4755
624234.7789	479255.2879
623247.2658	478438.0225
622012.8711	478179.901
620346.5084	476158.7758
619883.5283	476330.7509
618741.7684	474309.8852
618155.3608	474395.9274
617383.7627	473837.065
615779.0248	472332.4505
615748.1483	471902.767
614019.957	471558.7854
613155.8213	470914.2259
613248.3813	470527.463
612754.6351	470656.321
611921.3944	469238.2304
612168.2745	468464.8551
610748.6078	466445.7919
610100.5261	467047.161
609791.883	466617.5474
610254.864	466059.1849
609699.3508	465457.8192
608372.2028	465586.555
608464.878	464813.4805
606613.1171	463568.1095
606427.9256	462580.4912
605131.8054	461335.3063
603773.7753	461549.9329
603743.0108	460948.8956
603156.6222	460347.8771
602724.605	458116.0625
601181.5766	455841.8253
598404.0783	453825.3959
597879.4803	452967.6103
594237.7867	451123.2673
592756.4943	449022.2428
592694.7629	447736.213
589577.7623	446364.4523
588343.3181	444650.1831
577881.6186	442592.8896
570135.5466	442335.715
561494.2386	443106.5575
550754.4999	445077.1774
540230.6828	448377.1475
533163.3696	452493.3769
532854.7062	453351.2501
533132.4388	453951.639
531086.2023	456929.0519
531885.5626	457130.8207
532184.8484	457667.1918
531706.5424	458207.8992
532095.3902	458297.981
531129.3643	458538.3585
531089.2442	458890.3192
530401.0931	458800.0725
528277.7572	461173.7058
529030.5484	463955.9428
527934.9314	464836.3507
528342.286	465888.5165
528018.1788	466369.7074
528595.2432	468504.676
527761.7876	472157.2816
527051.9174	472845.0727
526218.6978	471813.4366
524366.9686	471082.8228
521030.9259	471417.7646
520879.5099	470953.7737
521774.5858	470653.0232
521157.3917	468461.5589
521990.8037	465970.0349
521744.0183	464123.3558
521157.6945	462276.8789
520602.1611	462448.587
519614.6294	460688.5011
519985.068	460259.2152
519120.931	459400.6476
516497.7279	457640.9233
514491.6854	457083.0072
513411.5581	457168.8515
513658.4216	457297.5437
513072.0245	457597.989
512454.8663	457383.3831
511652.4814	458112.8449
511806.7946	458327.4472
510849.9695	459657.8915
511251.244	460473.5065
511775.7557	464767.0475
512516.2748	466914.6813
512577.973	469105.7868
518750.1022	470266.25
520385.7617	470910.9168
520601.7296	471383.5697
513534.4689	473102.5816
512084.1174	473704.318
510973.1079	474908.0388
508411.6123	474349.0328
498103.7759	476369.4014
484679.0376	480154.042
477858.385	482434.0561
476963.296	483165.5194
476346.1249	482778.2076
483259.3817	480239.9779
490048.9908	477100.3233
491962.3472	477530.3089
493443.7691	477014.3432
495696.6927	475939.4491
496252.2214	475079.4628
496437.2896	475853.4062
495881.7733	476326.4521
501189.9533	475509.6084
498289.0163	475251.4893
498443.3248	475552.5537
497301.4369	475552.5184
497918.7068	475638.4458
497147.1076	475896.4611
496283.0699	472758.0471
495326.4557	470480.2002
494431.574	469276.9742
493320.5915	468159.8925
493690.8709	468933.2528
492610.7524	468460.5394
491345.3803	469534.7319
490481.2275	469620.5573
489370.1853	470523.0179
489617.0457	470737.9075
489493.5913	471468.4569
490172.5209	471855.2795
490079.9652	472113.052
487611.1207	470565.8331
486098.9263	470351.0697
482488.0773	471898.0951
478568.6098	470092.891
477581.0097	470006.8337
475976.2186	470221.6368
475081.1381	471167.029
475081.1152	471897.7889
473877.5756	470350.5791
473322.0579	470307.5552
472920.8485	470737.3181
473260.218	472284.5586
473105.8739	472886.188
472365.2288	473617.0617
471254.1836	473831.9945
470636.8929	473831.981
470359.2239	471424.8129
470328.3194	471897.6528
469680.2454	472155.4218
468970.3482	473745.8982
469217.1593	475379.7
468815.9344	476196.5433
467797.4262	476798.562
467766.6078	477873.7899
467303.5965	478948.9762
467457.8953	479594.2527
466346.8057	480884.7456
465204.8588	481358.0342
463815.982	483552.3953
463260.4603	483638.5143
463538.2306	483294.283
463167.9331	482949.8861
463322.1954	484843.6191
464433.1941	486005.8389
464926.9387	486005.8559
465389.9344	485231.0679
468846.4807	485360.2532
469834.1366	483982.9818
473599.3535	483854.0424
475111.6176	483380.6372
450946.1823	494360.2729
440391.0586	499703.9962
433755.4561	503800.1694
429218.4614	507553.0978
428971.5645	508027.6404
429434.5205	508286.6186
428848.0927	508718.1509
428909.7187	509451.7568
428755.5173	509235.9507
428477.7338	509710.5794
429002.3435	510185.4224
429465.2299	509624.3932
429372.6593	510056.0104
428385.0089	511048.7114
427613.4339	512559.5199
419496.5157	517309.1212
414620.2226	520765.143
414095.5319	521758.8533
414373.2589	522363.9128
413941.1269	523271.6024
412058.5473	523876.6286
399991.2012	532395.2537
395793.9166	535813.6713
395793.8073	537761.5572
394868.048	537068.9656
393818.6748	537371.875
387553.3007	542351.2699
385578.0186	544820.2608
383787.9719	548156.7529
382491.8642	548763.4815
382676.9238	549673.6884
381411.5817	550497.294
381164.6864	551190.8662
381411.521	551797.8863
380794.2771	552838.5959
379683.2485	552838.5736
377615.3455	555050.4054
376997.9533	556438.3325
374436.395	558086.934
373603.0413	560039.5674
372430.2324	560473.5378
371288.2698	561949.1039
368665.1013	564032.7312
368325.6946	564553.6506
368603.4178	565335.2354
368078.7213	564944.4007
367214.7251	565291.6554
364930.9338	568071.0253
364066.7985	568548.713
363480.4881	569895.519
359869.6609	573328.0822
358542.5031	575240.52
357740.0539	577283.967
355733.9378	579153.7597
355641.3351	580763.1072
353727.8806	582851.2127
352740.1382	585157.6036
351598.1623	585418.6152
350764.8085	586245.5929
349591.8681	589902.4362
348851.0742	590816.9913
349159.7059	591165.3482
348357.1721	591513.7129
348449.7716	592646.0826
347739.8603	593604.3042
346597.9	593822.0443
345239.8872	595172.408
343048.4939	598266.1523
342758.2506	600711.2999
343424.8301	601478.6147
342057.4977	602851.9201
342091.4153	604181.8726
342711.6719	604844.764
342041.9304	604923.2246
340628.4068	606109.5565
340304.2538	607330.993
338199.4604	608884.0874
338369.2033	609254.9609
337696.3521	609708.7549
337356.7617	610921.8754
337955.4526	611611.4935
336844.3674	612920.8445
337091.2432	615452.984
335548.1536	615845.8721
335208.6132	616719.2671
334128.4973	617286.8935
334221.0186	617985.6148
333696.4158	618029.2805
333171.766	619383.2794
333572.9032	620519.1141
331412.5977	620518.9504
323666.2073	629129.8244
316073.8913	638493.0741
308234.6948	647997.4153
296537.8753	664533.36
283297.576	674372.7199
281507.5207	677054.2496
281322.2724	677977.5257
281692.5283	678857.0695
280365.4927	679912.3712
280334.5253	681539.8242
279778.9641	682595.644
276939.7028	683959.4369
275334.763	685851.5045
274254.5758	687259.8882
273452.0137	691530.5152
272711.2559	692499.3242
271569.3527	692543.1808
270766.9412	693468.1713
269748.51	692719.3883
268082.0034	692719.2962
265952.7108	691618.0856
265767.5711	690253.0294
264347.988	689196.2284
264101.1828	687919.6534
264348.0915	686995.1999
263854.3927	686379.1341
263669.2404	685234.7768
263731.0477	684442.7101
264255.6934	683738.8009
262620.2267	680439.5135
259842.8468	677624.8841
255645.7662	675338.4798
252004.1362	674722.9069
250646.3112	675162.4222
249535.3268	676217.4235
249411.9308	674898.723
248918.1124	674195.356
246294.9401	673492.0766
243949.4348	673579.765
244072.8292	674898.4472
243023.5886	674370.843
242498.9441	674942.211
242776.6825	675557.6442
242066.8516	675557.6155
242313.7494	674502.7781
241881.6649	674810.3719
242005.0547	676348.9077
242375.4591	676612.7552
241974.1445	677096.2688
242591.4218	677184.2961
241634.7195	677360.11
240647.0612	679470.7071
238178.0735	681845.7102
237128.8861	677799.648
237098.2206	674722.2175
237530.2351	672568.7094
239598.11	669097.8896
239351.2923	666286.965
237499.8954	662686.7125
234907.6304	659877.8688
235555.8536	658605.3539
234907.8519	655139.9223
230217.2913	648256.4451
229847.2812	642692.5231
230835.045	638707.8508
232038.7858	634681.1735
240372.0159	615885.5658
244785.7202	604452.0064
248658.175	592100.0667
251391.0151	580845.6518
253551.8473	568761.3412
254478.0571	559990.7218
254601.694	555001.3869
254015.5604	546113.788
253336.78	543210.9688
252626.9684	542951.1349
251917.2225	541435.0109
251177.0953	529402.9797
250714.3815	526073.1507
249541.7777	522312.4813
248276.6321	519417.1978
245499.3235	516047.8955
245190.8125	513759.2356
244450.2674	512593.4627
244635.375	512334.3949
243771.3403	512334.3373
242536.9515	509053.9088
241950.8044	506508.0839
241210.1622	505256.9227
239698.0434	503876.552
238587.0256	504005.988
238587.2362	500383.6326
239729.5173	492497.447
239390.0936	490128.5264
239513.6449	487545.1066
239791.7472	480013.9659
239267.1719	479024.5712
239205.5008	476788.0667
240286.2665	464282.9515
240070.3979	457543.1764
239638.3981	455569.3641
238866.9389	454840.0306
238959.5082	454239.4403
238373.1966	452137.6896
238280.7326	450036.4431
237879.5773	449264.647
238064.8207	448364.2402
237478.4586	447592.57
237787.0972	447635.4933
237787.1211	447078.2617
238435.1833	446949.7743
238527.7496	446521.1274
237447.6068	446778.2593
237200.7008	447678.3522
236768.6191	447892.6848
236429.1347	446949.6434
237077.3522	445835.1857
236367.6666	443178.4469
235164.1583	442021.6625
234145.7668	440222.6561
232973.0874	437267.7126
231985.5024	436967.8763
230720.3407	434912.9533
229424.1056	434656.0154
228837.7518	433371.9784
227603.26	433799.9611
227109.5543	432815.544
226060.1999	432216.3469
225381.2303	432601.4751
225597.1952	433157.8287
224177.6195	433328.9493
223282.5862	432901.0535
221492.7142	429991.1413
218499.2249	429434.8259
217388.1968	429862.4889
216369.7846	428835.8355
215166.227	428536.2799
209271.6791	424900.6824
208037.2914	423275.9623
207574.3843	421993.3495
207852.1417	421907.9548
207790.5175	421052.9988
206833.942	418617.024
205969.8294	417933.2415
204118.2577	414729.2088
203285.0792	412721.8212
203346.9554	409946.6
204272.8309	407855.0404
204180.3077	406659.9899
205445.6913	403929.1857
205599.9792	400431.4317
206772.8594	398341.9751
207143.2386	396466.1384
209087.6139	394377.7455
209488.8978	392034.0513
208378.1187	387050.1452
208007.8246	386879.8048
206680.9861	384027.032
206804.4896	382877.6755
206495.8644	382537.1799
206403.4055	381132.6062
207884.8776	378664.6296
207915.8205	377601.1045
208317.0505	376877.8257
209675.0048	375389.2197
209860.2405	374708.8304
210076.2156	374836.3737
210909.5919	372497.6201
211557.8002	371732.3648
214150.3461	366079.86
214582.5505	361322.3083
213811.0758	358562.239
213903.7882	357416.0386
214243.2255	356991.5368
213471.8444	354445.1096
213687.9277	352068.9667
211188.2782	347827.32
207732.0251	343333.454
202948.7346	336681.297
201127.959	334860.0492
200639.8801	335048.1459
200865.6645	334457.8983
198782.5921	332404.2614
191499.56	327113.612
184648.2717	323940.5899
182302.7245	325167.1641
180728.8415	325505.5405
177766.1373	327536.2579
174865.2065	328297.7304
172982.6001	329313.1706
171223.5774	329228.5318
170637.1709	329821.0349
169186.75	330117.1801
169526.1436	330498.1246
168723.7469	331133.0666
167736.1659	331133.0303
168353.4314	331429.2972
167365.8193	331894.9845
167674.4438	332275.9991
167118.9076	332572.2656
167458.3099	332953.3074
166841.1496	332530.0409
166686.8003	332953.288
167303.9716	333207.3844
166841.0948	333461.4597
167026.1687	333927.1321
168260.626	334350.6369
168075.4974	334943.4819
168908.7249	335917.5513
168044.4667	337399.8743
168414.7175	338374.1729
164217.4392	338374.0378
161316.5385	336722.0415
159650.0159	336340.7894
158353.8636	336637.1263
157983.4768	335874.7669
157520.617	335874.7427
157921.8587	334816.1304
157273.7053	334180.8774
154928.1826	334223.1528
154650.4442	333714.9385
152922.2405	333249.2223
151842.0699	333630.2306
151471.5887	335069.8225
150453.2224	334942.7764
150329.6865	334688.6444
151070.4329	334180.6116
150916.1265	333841.8986
150329.7046	334265.1692
150792.7306	332995.0319
149566.0733	332201.2122
149342.2952	332529.3303
149280.5411	332105.9456
146626.407	331555.5031
143478.5174	331597.5585
143046.4043	332401.8915
142058.8015	332571.1507
141534.149	333121.4736
141549.5587	333989.5308
142027.8241	334984.6875
141780.9092	336255.1131
141317.9306	336636.2716
139744.0648	336466.803
139311.9708	337144.4044
138633.0326	337186.7707
138447.7959	337864.5895
137275.0165	337779.7706
137244.1997	338881.1414
136287.514	338838.7068
135238.117	340067.3722
134528.3059	339686.0257
134188.8629	340448.6653
133324.7302	340152.1011
131874.1476	340914.7498
128263.287	341677.3964
126689.3815	342524.8341
126349.8022	344093.0841
127028.7236	344644.1561
127213.9008	345364.7994
125979.4394	345619.1742
125516.4118	346891.0561
125516.3834	347399.9865
125115.2183	346933.4779
124343.6964	347272.6388
122954.8926	347060.5718
122584.4539	347272.5928
122738.7587	347654.2338
122214.1085	347823.8249
122615.2969	348078.3241
121627.683	348035.8573
121195.5384	349011.2725
120670.9101	348799.1885
120207.9004	349392.9594
119899.3774	349265.7561
118788.2735	351259.1986
117985.7739	351386.5317
118047.5349	351683.4237
116442.6044	353168.2474
116473.4746	353550.1269
115671.0884	353592.5618
115424.1836	354441.3004
114776.0023	354695.7922
114035.3564	355841.6307
114282.1998	356520.8255
112399.6615	356435.808
111442.7404	358430.9881
109158.899	359237.5732
106813.3673	358727.8515
106689.9528	358175.9595
107862.6762	357666.6653
107399.8344	357369.3985
107060.3713	356011.0723
106473.9964	355247.0955
106597.4657	354610.626
104560.6918	352785.8262
102554.6657	352106.9392
100641.2146	353082.6796
99653.67167	352276.4953
99314.23013	352743.2418
97925.47984	352191.51
97277.27917	352743.1552
96382.37081	352276.3506
93975.09105	352870.2156
94901.06075	351809.5363
95487.43725	350028.0656
94931.97599	349010.0749
94962.91614	347949.937
93913.78425	345151.417
92895.31609	344939.3798
93301.96721	344615.8689
93728.64406	343752.6253
93080.61495	342904.8193
93327.50866	342396.2924
91876.99289	341379.0872
92463.384	341506.1943
92864.60674	340785.8635
92494.31276	340446.9008
92617.79045	339345.3288
91846.38245	337481.3612
91568.71181	335617.6453
92463.68799	334347.3148
93080.97498	334177.972
93883.50541	332018.6829
95488.49684	329309.771
98605.73894	326813.5615
99932.7813	326221.3116
102463.624	323768.0494
103266.0186	323641.1103
103019.1959	322753.0271
104840.1175	321019.3304
104531.4785	320977.0055
104963.5916	320046.8643
105025.3841	319497.2831
105538.9118	319052.4515
105426.6098	318524.9906
106537.6451	317933.2365
107093.3008	314932.7002
109469.7562	313538.4135
110457.4463	311933.209
110519.1654	310961.689
112000.6454	308470.0551
111537.8651	306907.7933
111969.9069	307667.7674
112309.3536	307118.9216
111753.8404	307076.6569
113821.5851	306865.5895
114222.7944	306274.7006
114161.2874	302391.6427
113513.3204	300619.4531
112649.2061	300281.9508
112857.5348	299912.9047
112525.81	299564.8139
111754.2033	300028.7457
111353.0733	299142.899
105582.1204	295642.1214
105242.6107	295009.5506
101724.336	293154.2959
101199.7687	291805.2961
99811.07424	290287.8898
98885.28268	290287.8613
98977.87229	289444.9418
97805.31521	287717.3111
97249.86769	286916.9426
97342.4592	286116.5042
95799.56983	283378.7219
95336.62081	283420.8627
95336.64657	282705.0064
94009.73491	280389.206
89349.75885	276011.7362
89195.53043	273571.4721
89967.11614	270921.586
89350.06219	268272.3947
85307.28034	266758.7852
82807.51091	266884.7765
81819.84743	269365.3238
81943.23379	270542.8144
81048.18481	271173.6712
80770.39705	272098.9524
80214.87578	272561.5371
78239.81798	273108.2907
76171.8894	275842.9763
74752.48774	272645.5265
73394.56661	270878.9026
72499.72167	268986.536
71851.73667	267304.7798
72191.18476	266169.7864
71543.17982	264824.7417
69907.60142	263563.961
68086.76557	263437.8766
68302.76509	262975.5778
67716.38623	262555.3258
67531.2803	262807.4864
67376.98576	262135.0997
65864.77883	261925.0917
64136.51984	260496.4924
63704.43014	260748.5917
62994.63304	259698.2595
63148.97115	259236.2891
62531.86618	257262.1842
59877.82125	255162.536
58550.71535	254700.7828
57563.10223	255204.5425
55927.47705	254448.7654
54291.78176	255330.3387
53643.73686	254742.6477
52501.78589	255204.3593
50711.78572	254742.5263
48952.60033	254994.263
47162.67255	254742.3883
44323.5121	253524.7272
41484.16781	251425.8334
40959.53763	251425.8102
40373.18712	249831.1586
39539.94285	248991.8478
39385.66842	247733.2122
38428.98026	246852.1109
38645.08353	246726.3199
38336.45767	246181.0103
37904.37688	246055.2127
37873.52039	245174.2961
36206.99076	244251.6055
35987.92191	243424.9025
35744.20713	242406.5598
36176.25243	240897.2311
36392.34589	240939.1932
35836.85607	240436.0175
36485.01199	238633.7047
36361.59394	238088.8886
36948.01671	237502.1909
36824.5945	236957.445
37225.8055	236370.8178
37071.50419	235658.5593
37503.63478	232516.6091
38460.33428	230631.9915
37997.39907	228035.9428
38367.82205	226738.2197
38028.30844	226152.1567
38707.26164	225356.8984
38367.88231	223724.7488
39139.46653	221005.0221
38424.46165	219730.6187
38368.0443	219248.1488
38676.57817	219206.3059
38028.69952	215066.2878
36362.36315	209966.8958
35868.64709	209507.3047
35282.24819	209716.0618
35405.70799	209089.4102
34942.78369	208420.8126
35189.765	208295.5366
34942.827	207543.5414
33554.15668	206164.9552
33399.88764	205371.4923
32844.42586	204744.957
31239.70296	204285.4638
30190.63948	200653.1625
30468.42911	200026.9946
29789.42207	198733.1411
29912.99492	198107.1028
29511.69854	197940.1809
29635.28418	196897.0389
30530.25586	195687.0382
30869.83457	194101.8683
31456.13494	193559.495
31703.14525	192600.3023
31610.51661	191807.837
30746.51568	191015.4008
30468.7991	190098.0217
30993.46533	188888.8424
31641.53259	188555.377
32783.5418	185846.0242
33709.36778	185387.5433
34635.27978	185595.9804
34913.09145	184345.7752
35190.82951	184720.8415
36394.39405	184845.8363
37135.12343	184595.7527
37104.25747	184095.7281
37999.17491	184429.1115
39202.89084	183720.7859
40252.12957	184095.8634
41517.51298	183220.9151
42412.61221	181887.6727
42165.66696	181012.7093
42474.36027	179846.4954
43863.19613	178763.5341
43986.68392	177597.5907
44573.13582	176639.8581
44418.83601	176140.1088
44912.69345	176098.6036
46795.448	171561.4268
46672.02875	171228.5348
48153.37138	171186.9462
48523.80874	170812.4395
54109.74772	170604.6102
55282.60138	169605.9756
56640.52162	169397.9843
57998.51294	168566.0213
61825.78081	163699.8217
63338.05851	160290.832
63492.39388	159418.0426
65097.17504	157631.0214
64696.0203	156716.8512
65683.59442	156716.8975
66177.33986	156259.9515
66053.92335	155719.6889
66516.88285	155636.6969
66671.2457	154265.714
67257.66814	153268.9103
67165.05451	152230.4831
68276.06862	152188.9581
69016.82848	151275.3611
69665.02083	148202.9759
70313.21392	147289.7796
69541.66535	145629.3945
70220.64749	144176.9997
71177.53208	138784.0856
70560.45646	136337.5117
70899.91632	135301.1175
70498.74187	134762.1929
70097.61717	132192.2023
68801.5052	131311.6339
69387.82529	130327.3914
69171.99609	125190.857
67752.44115	122292.3992
67196.94644	122002.4977
66178.4481	122913.2722
65468.75605	122540.618
64820.5811	122871.7759
63308.39549	122126.4859
63647.95723	121133.0549
63709.67624	119104.9076
63030.85934	115546.2525
59883.15455	110127.9301
58525.32099	108722.0244
58216.72643	107564.598
56457.64159	105208.4737
56488.58827	103927.428
55902.29676	102150.8153
55933.27412	100622.3007
55624.65315	100250.5379
55809.90631	99507.07337
55130.97617	99052.6772
55316.25131	97772.47165
54637.33312	97111.83161
54791.58751	96162.15679
53619.02567	92859.78088
53804.29661	90094.88073
53526.5513	89310.88904
54051.30116	84897.22199
54575.64675	83262.4779
55254.93951	82794.17824
55779.65565	80444.39189
56335.20121	79537.62606
56366.12294	78589.688
56921.65092	78136.31676
57014.24202	76982.48006
57384.6676	76694.12867
57230.39563	75375.67544
58711.79415	72780.57617
58557.53134	71215.51595
60069.79979	69156.8892
59884.71178	68992.06658
60810.51873	68827.42779
63372.13407	66522.32252
63896.7768	65616.86395
65532.4115	64927.52748
65810.14043	65657.95931
69791.17621	66563.71196
70655.33634	66028.53979
71612.02041	66234.37648
73216.91843	65288.16847
75963.69579	62284.51996
77692.02208	61708.40811
78278.27089	62695.65298
79481.91853	63477.38012
80037.33627	65740.74389
81827.2161	68086.97696
81796.29829	68951.60712
82722.07515	70186.79663
82907.24479	71339.83554
83956.48653	71792.82815
84172.50684	73975.95286
87382.15204	75335.53913
89851.04607	75871.22575
92937.18787	77890.38253
94295.07591	77684.53534
94665.35444	78591.15231
95899.77375	79126.96794
98337.87311	79044.58195
99788.27274	79704.17703
100899.2906	79292.03618
100925.9366	79870.71763
101794.2815	80528.56775
102349.7457	81724.12638
103213.8749	82012.68463
104047.0675	83950.6499
104016.1605	84610.36848
104324.7963	84692.92658
104047.0131	85641.46889
103429.7307	85888.80209
103213.6811	87662.51453
103151.6823	92283.7432
103799.5289	100458.8414
104509.1956	103515.8636
106083.1949	105747.4621
108737.3753	106657.0858
109200.3571	106202.3998
110836.0324	106615.8929
114076.576	106616.1127
115557.8122	108765.7079
117224.2598	109923.4562
117872.2834	110709.1341
119723.9805	111329.3746
119970.8256	111949.7488
120896.6075	112611.5821
122408.9012	112942.4819
122686.5481	115879.4251
123458.0026	116665.5892
123673.9303	118113.8205
124414.583	119603.7252
124229.338	121052.437
124599.7138	122128.7781
125803.2071	123412.4805
129537.3407	124779.0194
133117.3094	123992.3408
134351.9338	122708.844
134783.9032	122667.5736
135277.7767	121922.3759
134969.155	121259.9188
135432.1168	121301.3643
135463.0257	120556.2574
135894.9853	120721.8299
136234.5297	120059.6181
136296.3116	119687.1021
135925.9044	119438.7012
136388.8655	119438.7185
135740.8307	118776.4171
136327.1154	118735.1696
136203.7186	117700.5035
135061.8675	116459.1629
134444.6741	117079.8483
134568.0951	117534.9555
133950.8142	117617.7671
133920.0287	118031.4813
134475.5163	118528.1965
133827.3509	118528.178
133487.9095	119148.8485
133642.2689	118197.1366
132469.5517	116169.3708
132438.7258	114969.7037
133519.083	112529.2992
135802.7466	113273.8678
135370.6226	114390.6781
137407.4388	116707.5638
141296.1144	117659.3556
143425.5605	117452.7166
148394.2369	115342.8163
150492.7317	115508.3186
155307.3107	113646.8431
159257.5912	111785.776
160955.1107	110007.8335
161140.3907	108850.1896
162498.3216	108147.4771
165862.2397	109139.6858
166355.9924	108643.6397
167374.4726	108809.0386
168701.4519	109925.4178
169071.878	109429.3187
169997.703	109346.6038
170614.8558	110628.4185
171874.7472	110599.2604
172330.8163	110609.5559
172435.6542	111662.3644
173917.0662	112158.6589
175274.8933	113358.2215
175151.4314	114061.3625
175552.5753	115178.319
176972.2019	115840.2774
176817.854	116543.6062
178854.5256	119233.6086
180767.9123	119771.7679
181446.8688	119647.6895
181354.3335	119316.604
181909.8666	118944.1457
183946.7145	119109.7787
184934.2569	120517.0267
187279.6818	121717.6611
187433.9433	122794.057
187001.8454	123290.8405
187187.0262	123746.3815
186940.139	124119.0432
184810.6164	124740.0103
182958.9027	126065.2226
182557.4731	128550.5644
183298.1476	129296.3065
181878.4593	130166.302
179903.39	130995.0187
178946.5235	132445.401
176107.2577	133522.9043
174841.8695	134476.2737
171045.8253	135512.6165
170119.9946	135636.8952
169255.8227	135429.5325
169194.1711	135097.9026
167836.1192	135429.4363
162157.6657	138704.9264
161509.6106	139658.6723
160923.1939	141815.7735
160151.7186	141442.3722
159534.4143	142106.0657
159102.2581	144222.2141
156602.3744	147500.8856
156108.5912	149244.5405
154133.3778	151237.5317
153330.9985	151486.7158
153207.5499	152026.5733
151571.903	152732.4948
150429.9964	153230.9473
146757.2729	156388.0445
145985.6893	157676.189
145707.878	158922.9072
144843.6685	159629.5912
144565.8091	162789.0061
143855.9728	162456.2629
141695.59	163869.9751
140738.8083	165866.0813
140090.5172	168569.9421
136849.9342	169942.7181
134411.669	172023.2703
133917.9352	171940.09
132313.1551	170233.8079
128393.7149	170524.7986
125276.7235	169109.967
120277.0458	167487.2562
116635.5059	168235.8117
112531.0013	170773.5477
110926.0238	173270.6658
106944.8576	176142.801
106234.9898	177766.8015
104907.9992	178141.5427
103858.6108	179682.3605
103272.2223	179724.0222
101019.3432	181515.1945
99969.89102	183431.5544
98550.16054	184556.597
93982.55776	185014.8853
92655.51469	185556.6016
91204.91468	186473.4716
89785.23029	186806.83
88303.84463	187849.0033
87347.07725	189141.3969
86235.86589	193019.6219
86081.38271	196690.9641
86729.19536	201657.7961
88241.18776	207462.4204
91915.7717	217401.8081
94838.83453	223279.2741
97375.51493	227619.4898
102066.2142	233901.0838
105275.964	237295.0202
108238.5556	239767.9746
110182.8494	239013.5927
110707.4536	239390.852
112312.2219	239055.6437
112836.8234	239810.1515
115182.3845	239558.6948
116818.0548	238217.5094
118237.726	237630.8156
118608.0476	236960.4057
120243.7099	236331.8661
121971.9486	237714.8243
122959.5395	237505.299
127372.5868	239475.194
133329.0952	239307.6174
134316.7584	238888.5938
134594.5491	238343.6174
134440.248	237673.13
135643.8386	237631.355
136106.8109	237170.5528
140952.0277	232688.2686
141785.2918	231222.4865
141754.4307	230447.755
141168.0733	229673.048
141415.059	229421.9373
141939.6704	229254.5145
141600.1672	228919.412
142649.4797	229212.6629
142865.4809	228710.2777
142834.6113	228333.4676
142063.1213	228751.9869
142464.3728	226993.7914
142186.6561	226240.3108
143205.0937	226575.1849
144316.1061	226324.016
145180.2797	225528.741
145211.0819	224942.9381
146167.7798	224649.9242
148606.0311	221846.4883
151291.1176	221135.4454
152340.4759	220340.6689
154932.8388	215614.8258
155642.7047	213650.0855
156414.4463	208217.3773
156537.8942	207716.1089
157463.7197	207006.0087
157402.0676	206630.0516
159315.4791	205878.2131
159593.2267	206421.206
159932.6485	206295.947
159840.106	205961.6714
163080.6921	205042.9134
163451.016	204625.4216
164623.8185	205042.9766
164531.1682	204750.6984
165086.7092	204249.6197
163944.7794	204166.004
164006.5758	203581.3701
166815.0621	203873.7773
167463.1465	203414.3917
164500.3542	202829.7743
164685.6334	201243.1225
165148.607	201076.032
164886.3256	200345.6148
164315.3561	200449.8745
164531.3717	199823.6863
164222.7083	200157.576
163574.6533	199781.8521
163451.1894	200366.2668
163265.9999	199907.1857
163389.3712	201368.2634
162957.3992	201284.7607
162586.9405	202078.1117
162278.3082	201660.5922
161753.6221	202871.4622
161290.7685	202662.6564
161167.1943	203372.4521
160148.8133	203247.1863
160272.2856	202370.4089
159346.4528	202370.3657
159439.0191	202078.0323
158914.4206	201660.4999
160056.3	200199.4492
160241.5642	199197.4303
160849.544	198752.9482
162155.0147	198780.1109
163080.9749	198321.0246
163173.5665	197361.1876
164500.5924	197403.0212
166846.2552	196401.6427
167555.9632	196944.1137
167802.9134	197862.3199
167586.8223	197737.0098
167463.3694	198237.8911
169592.7042	201660.808
170518.5331	201660.8541
170240.7559	201994.9553
170364.1695	202454.1449
171382.6806	203706.8385
172771.4751	204124.5304
172401.1435	204792.7818
177647.2988	211477.2881
183171.2041	216744.6117
184529.052	217622.7693
185022.9183	217246.4325
187646.0649	219170.3638
189466.9156	219296.0178
202675.4842	230596.0104
213076.2972	237550.7785
218939.7668	240694.6921
225309.5149	243349.1475
234483.8549	245597.5484
234838.8666	244993.614
235199.9346	245031.3863
234940.567	245849.3
235653.5139	245522.1393
235974.4462	246021.367
235665.6946	247699.3032
235850.8815	247951.0877
236097.7376	248076.9163
236653.3173	246902.2595
237054.494	246986.2527
240202.2148	248496.7423
240017.0944	248916.1856
240572.5865	249126.0221
240819.4788	248706.5728
243905.5569	250091.2969
244183.3528	249377.9991
243350.1219	248958.3379
242918.0376	249168.1274
241467.549	248412.8267
241560.2227	248161.0503
238628.4482	247112.152
236622.5273	245517.9803
240634.4396	246063.6436
241498.5861	245979.7299
241467.7233	245602.2322
242023.227	245602.2597
242084.9785	245937.7805
248195.577	245141.1378
255077.5946	243463.9602
255509.686	243170.506
255170.3445	241828.7398
255386.3309	241744.8255
256651.602	243002.8202
257392.3387	242625.4604
256867.5975	242751.1887
257639.2319	242122.2205
257454.0525	241577.1903
257916.9805	242248.1112
258287.2857	242206.1585
264058.5976	239397.6913
266527.5467	238014.6675
268471.9213	235039.7192
270909.9609	233908.6984
273903.7517	230558.1272
275817.2572	228506.4819
278780.1238	227125.0274
278502.3906	226580.8605
279397.347	226204.1775
280724.5736	223944.2413
285199.4564	223149.3557
286187.0659	222187.0425
285940.2025	222103.4378
286433.9387	221977.8455
292822.1965	221350.6909
295815.7543	220430.541
299395.6294	218381.0664
300722.7489	217001.1927
300969.6366	216248.5428
300630.1232	216122.9898
301926.35	215412.296
302420.1128	214701.619
302728.7904	213907.3138
307358.242	209769.8967
308623.646	207806.3505
308376.6726	207680.9181
311185.1633	205509.0053
312851.708	204799.0993
314888.7275	203003.4712
317573.6943	201667.5171
318993.4478	199914.3974
321801.9823	198537.1136
322913.0672	197577.2939
325258.5812	197535.6209
327017.7162	196909.8567
327881.9113	196283.9469
328005.387	195491.1789
330721.4935	192279.2828
332727.554	191070.0146
334239.792	191236.8613
338943.4313	188764.4373
338992.779	188418.3417
342859.9245	187668.1361
346054.2793	185092.3597
348097.272	184275.7093
348652.8264	183400.7139
349856.5515	182567.3734
350566.4123	181984.1042
350998.5422	180901.0127
352202.1633	179984.6699
354146.4583	180026.4599
355411.8563	179110.2228
358158.561	178860.4287
359578.2979	177736.0816
362355.898	177361.4705
363652.121	175487.8798
363220.1499	175529.5199
366614.9773	173906.0546
368250.6824	172449.3583
371830.669	172241.4342
373713.173	171658.8793
374700.7662	171201.2549
378496.7483	171201.4868
379268.267	170618.9356
378959.6454	170286.0644
379916.346	170161.1914
379731.2781	169661.9306
380009.0384	169537.1764
381089.135	170119.7708
384113.584	169412.5057
385162.9762	168788.5906
386397.5417	166542.3399
387354.251	166334.4118
388650.4072	165336.2625
388866.5411	164296.6908
389823.2651	163423.4279
393032.8521	162425.8517
396365.9411	160430.505
397353.561	159599.3314
399328.754	158851.3095
400316.2775	157770.8982
403772.9643	155444.2476
404421.0625	154613.3637
404451.982	154031.9414
405069.1554	153865.6944
406643.3029	150958.6344
407044.6294	148675.0106
408495.2375	147637.3467
409174.247	146350.6918
410377.8492	145852.6468
410532.2074	145064.2592
412785.1845	143985.4038
412785.212	143445.9963
413340.7366	143363.1207
413618.5175	142574.7863
414266.5735	142242.9596
415593.6673	140500.6365
415562.8822	140127.3098
416581.2668	140127.3657
415964.0523	141330.3433
416149.141	141579.1511
415809.6912	141994.04
415562.7474	143570.7135
415994.6234	146309.6725
417413.8038	151249.8699
419141.94	154281.9886
420438.1245	154863.6408
421086.1267	155777.6235
420808.3472	156234.6923
421518.0859	157688.9944
423307.9716	158644.9204
423091.8707	158852.7191
423493.128	159434.6166
423215.3324	160182.7517
423462.1886	160307.4154
423060.9147	161762.2894
423060.8262	163259.0216
424696.1257	168582.8222
423986.2596	169414.7822
424479.7843	172868.8106
425066.1024	174075.8469
424664.89	174575.4554
424850.0436	175283.1516
425899.1312	177448.2462
425837.4097	178406.0576
426176.7647	179280.7715
425837.2902	180405.3442
426145.7568	181488.3904
424911.2869	182196.5101
424294.0744	183071.3656
424355.6255	184904.9523
423892.7591	185363.2618
423800.0245	186613.7111
423028.4543	187989.151
423244.2806	190365.733
424578.9481	194067.1026
424324.2669	194828.4879
424385.8884	195704.5536
424663.6379	195829.6851
424385.8738	196038.2986
424540.165	196705.9831
428366.6051	206015.652
432007.9143	213578.791
436852.7222	222612.2424
447129.3409	237394.3241
455677.7203	248213.0383
465583.6978	258498.1657
472311.0918	265094.8243
473761.5662	266103.7247
485426.5878	278091.9051
490425.9722	282512.521
500486.4958	289884.6636
504745.1413	292750.9558
507615.2509	293931.5258
508849.6443	294859.1309
510053.2049	294774.7862
511627.1319	295533.8393
514311.9976	297558.328
517243.6536	298992.5029
525329.1672	301608.549
534926.96	302917.2357
535950.0917	302255.8651
535812.6851	301579.7166
536760.119	302060.7169
536494.724	301465.8358
537133.5452	301356.2024
537402.0511	301942.7137
537753.9022	301887.8863
537439.0725	301170.4425
539540.7025	301774.0087
539846.2361	301356.287
539639.4937	301006.0108
540377.0731	301039.7488
539969.6838	300824.6613
540272.1039	300499.7825
540142.5789	300052.4913
540401.7735	299968.206
540599.2864	300537.7613
540926.3912	299601.144
541253.5661	299837.4621
541346.1667	298318.8664
540574.5992	298107.9304
540605.4992	297728.3289
540111.7825	297643.8917
540327.7638	297475.2095
541623.9628	297053.4715
543444.7461	297222.2322
544031.176	296083.6327
544926.0995	295535.5285
546962.9031	294776.684
548629.402	294776.7605
549956.5741	293427.6508
551129.2265	293638.5063
553906.7413	292837.6131
558505.0758	294608.5614
561220.9892	293934.1689
563844.1773	294482.3369
565541.5897	294355.7952
570109.0865	294524.7189
571189.2503	293807.9022
573812.4816	293681.563
574923.4932	292754.2047
576003.6132	292585.6585
583595.7708	291785.1063
585972.1405	291785.2508
587268.2589	292375.4702
584367.0822	294398.8259
584027.6363	295031.306
583101.6976	295199.8926
581867.1624	297223.921
580324.0228	298193.9015
580231.4326	299628.1695
581095.5512	302159.6081
582761.9808	305536.2383
586804.6033	310265.4645
588748.8371	310898.9851
590816.5218	310983.6197
593686.6047	310096.8367
594766.7433	309463.3454
594612.4421	309041.0098
595013.6107	309378.8253
595198.7965	309843.4454
594211.1972	310645.8917
594643.2157	311997.5797
594396.3361	312419.8829
594550.6264	313180.3159
595137.0086	313307.1852
595086.6558	314000.298
595229.5415	313687.4301
595383.8511	313940.8374
595167.7496	314278.9605
595599.8276	314025.4165
595785.0136	314574.6904
596186.2259	313729.603
595970.2754	312884.7176
600753.7373	312293.5442
604148.6579	309928.384
604796.7688	308703.8579
603870.9972	307943.7642
603871.0686	306466.1134
603593.3406	305959.417
601710.7095	306381.4968
601649.0834	305663.8883
601000.9516	304946.3046
599643.0831	304692.929
598099.9636	305368.1146
596958.0109	306550.0409
595723.5672	306634.4559
594859.4332	308660.9689
593594.1111	308829.8207
593964.4239	308449.7968
592853.5053	307098.6272
593069.5624	305410.0466
592390.679	304186.0491
593316.5917	304397.1455
594581.9436	304017.3653
595384.3746	302877.9549
594952.3456	302202.6723
596804.0897	301316.7655
597267.0266	299882.2557
597915.2043	299629.2796
600384.0313	300430.8518
600877.7956	299840.3831
602050.5749	299882.5044
602544.3463	299081.1345
603130.657	300557.6497
605198.4004	299418.6894
606062.5272	299798.3939
606864.9274	298996.8876
608438.8798	299334.3854
610537.3705	301064.1961
611123.6659	300600.2018
613808.558	301950.3463
613901.0672	302878.85
614425.7523	303765.0837
613931.9089	303933.8619
613685.0037	304946.8888
614363.9098	305579.9917
614579.9661	306466.6161
616647.6147	306931.0225
617789.3324	308071.0522
620566.7495	308788.9779
620844.4762	309422.4676
620412.4811	310182.6177
620937.1123	310731.6693
620751.9095	311449.6595
621091.4358	312674.7476
622017.2188	313730.8923
624185.2089	314322.5205
625412.0161	313097.4373
624949.0791	312252.4587
627788.2562	312675.0553
627572.2686	312928.5688
627757.4625	313308.7941
628436.3835	313815.748
630257.2195	313562.2641
629423.9531	313900.3482
629269.6085	314660.8722
628775.76	314871.9894
627109.2687	314322.6574
624185.2089	314322.5205
623621.904	315505.6536
623220.6551	317872.4055
623992.1219	321212.1365
624856.2194	322311.5601
625658.5849	322311.5914
627232.3743	323961.1279
630164.1724	324680.2478
630873.996	324511.0983
630966.6769	323834.2761
631522.184	323665.136
631429.5425	323199.995
633342.9328	322650.3018
634793.4546	322988.6519
639206.4952	326415.0352
643897.3493	328319.1705
646304.5957	327388.3761
647292.1333	328403.8267
648464.9088	328361.6694
648958.6117	329165.5944
650316.4787	329038.7371
651982.9553	329673.6466
656303.4966	330308.5673
663895.3456	330647.6645
665777.9781	330012.8347
666642.1554	329081.8334
666981.6212	327685.3837
665870.6214	327389.2165
666271.8327	326754.537
666179.3078	326204.5571
668802.486	327050.7328
669265.4053	328404.7463
668216.0248	329124.2255
667537.076	329081.8724
667475.3973	329589.6564
667722.2637	329674.3708
667259.2923	329970.5433
668339.3954	330986.4153
668771.4967	330309.1182
670036.8204	330563.1673
670499.7502	331240.3673
670407.1656	332298.7325
669728.1106	332425.6582
670036.7085	333780.4726
672814.193	335177.9389
672011.7813	336660.1235
672567.2565	337718.9643
673215.2047	342040.6203
673955.8948	343354.4464
673739.8963	344074.9566
674665.7018	344583.6175
674171.8567	344329.358
673955.8651	344753.275
674171.8414	345092.383
675807.5941	345601.1382
676517.4518	344287.0535
677720.9905	346194.7883
677474.1077	346957.9601
678060.3988	346661.2529
678307.3692	347212.4549
678739.4445	347254.7562
678708.5202	349163.0461
680961.403	350562.8141
684417.8687	350859.9021
686176.9766	349460.2352
686670.6856	350011.5919
686207.8249	350520.5026
686701.5255	351326.4878
689077.8148	352047.7112
689664.1669	353066.0012
691423.2029	353193.3039
692009.6032	352599.3285
691886.188	352047.8217
692225.5976	352005.5306
693089.6802	353660.1607
694200.6797	353235.8791
698305.2305	355951.9346
698798.9603	356630.9692
698644.6346	356885.6826
699323.5752	357310.2083
700033.412	357182.7946
701175.3066	358031.886
700650.6757	358456.4128
700681.5454	359390.4023
701885.0588	360749.2103